 <pre>

 Contingency table for Rh2m (%)
 Selection: Ireland     28 stations
Period: 20200508-20200522
Used {00} + 01 02 ... 24
 Limits    30.0000000       50.0000000       65.0000000       75.0000000       85.0000000       95.0000000       100.000000    
 Each class is data <= limit, the very last > last limit
 Total number of values       10074
                                              OBSERVATION
                                      0        3        0        0        0        0        0        0 |         3
                                      4      349      248       16        0        0        0        0 |       617
                                      0      196     1147      398       99        7        0        0 |      1847
                         Tegen        0       10      357      792      374       71        2        0 |      1606
                                      0        2       91      465      868      343       13        0 |      1782
                                      0        1       16      184      853     1581      252        0 |      2887
                                      0        0        0        5       69      683      530        0 |      1287
                                      0        0        0        0        0       11       34        0 |        45

                    SUM               4      561     1859     1860     2263     2696      831        0 |     10074
                                              OBSERVATION
                                      0        3        0        0        0        0        0        0 |         3
                                      4      314      222       15        1        0        0        0 |       556
                                      0      226     1188      417       99        8        0        0 |      1938
                       CAMSMMR        0       14      351      791      405       75        2        0 |      1638
                                      0        4       81      469      907      396       20        0 |      1877
                                      0        0       16      163      786     1559      253        0 |      2777
                                      0        0        1        5       65      653      517        0 |      1241
                                      0        0        0        0        0        5       39        0 |        44

                    SUM               4      561     1859     1860     2263     2696      831        0 |     10074
                                              OBSERVATION
                                      0        3        0        0        0        0        0        0 |         3
                                      4      285      192       12        1        0        0        0 |       494
                                      0      255     1144      394       80        7        0        0 |      1880
                       CAMSNRT        0       13      395      752      381       78        0        0 |      1619
                                      0        4      108      555      947      362       19        0 |      1995
                                      0        1       17      139      787     1541      233        0 |      2718
                                      0        0        3        8       66      692      541        0 |      1310
                                      0        0        0        0        1       16       38        0 |        55

                    SUM               4      561     1859     1860     2263     2696      831        0 |     10074

