 <pre>

 Contingency table for Cloud cover (octas)
 Selection: ALL     40 stations
Period: 20200508-20200522
Used {00,12} + 01 02 ... 24
 Limits   0.500000000       1.50000000       2.50000000       3.50000000       4.50000000       5.50000000       6.50000000       7.50000000    
 Each class is data <= limit, the very last > last limit
 Total number of values       11740
                                                       OBSERVATION
                                    230      824      279      177      104       97       63       66       12 |      1852
                                     41      201       89       84       66       63       54       69       11 |       678
                                     18       99       53       65       49       55       43       67       10 |       459
                                     10      104       71       60       47       57       59       66        9 |       483
                         Tegen        7       88       50       78       60       58       64       64        9 |       478
                                     11       86       46       67       63       99       81      118       14 |       585
                                     13       95       54       95       83       90       96      151       22 |       699
                                      8      119       97      113       99      130      186      286       50 |      1088
                                     23      160      212      335      375      453      684     1881     1295 |      5418

                    SUM             361     1776      951     1074      946     1102     1330     2768     1432 |     11740
                                                       OBSERVATION
                                    218      802      270      173      109       88       66       61       12 |      1799
                                     44      198       94       78       55       78       49       68       10 |       674
                                     14      116       65       59       52       41       44       63       12 |       466
                                     14      100       52       61       32       51       57       52        7 |       426
                       CAMSMMR       12       82       49       69       59       62       59       86       10 |       488
                                     10       85       47       79       73       85       79      100       14 |       572
                                     14       96       58       91       67       93       97      153       25 |       694
                                     12      120       96      134      113      130      187      269       45 |      1106
                                     23      177      220      330      386      474      692     1916     1297 |      5515

                    SUM             361     1776      951     1074      946     1102     1330     2768     1432 |     11740
                                                       OBSERVATION
                                    225      817      257      184      111       98       69       63       14 |      1838
                                     39      222      114       84       55       70       57       67       12 |       720
                                     21      102       57       75       53       45       46       74        8 |       481
                                     13       91       67       62       48       57       60       81       18 |       497
                       CAMSNRT       10       93       47       62       53       73       69       76       14 |       497
                                     10       91       53       77       76       86       84      109       16 |       602
                                     10       99       54       84       79      101      116      186       25 |       754
                                     10      106       99      128      108      122      181      286       61 |      1101
                                     23      155      203      318      363      450      648     1826     1264 |      5250

                    SUM             361     1776      951     1074      946     1102     1330     2768     1432 |     11740

