 <pre>

 Contingency table for Cloud base (m)
 Selection: ALL    139 stations
Period: 20200508-20200522
Used {00} + 03 06 09 12 15 18 21 24
 Limits    70.0000000       150.000000       300.000000       600.000000       1000.00000       1500.00000       2500.00000       5000.00000    
 Each class is data <= limit, the very last > last limit
 Total number of values       11014
                                                       OBSERVATION
                                     79       59       40       23       11        5        4        1        2 |       224
                                     44       68       71       44       10        8        4        2        1 |       252
                                     26       70      178      151       31       28        3        8        2 |       497
                                     23       58      151      437      216      109       36       17        4 |      1051
                         Tegen       10       21       38      209      478      380       73       46       13 |      1268
                                     13        8       26      121      356     1272      151       65       27 |      2039
                                      6       13       14       57      106      527      273       51       11 |      1058
                                      2        5       19       40       42       61      113      312       24 |       618
                                     42       34       94      326      481     1412      444      619      555 |      4007

                    SUM             245      336      631     1408     1731     3802     1101     1121      639 |     11014
                                                       OBSERVATION
                                     81       55       37       26        8        5        9        3        4 |       228
                                     41       66       72       33        7       11        1        4        1 |       236
                                     32       74      171      148       32       24        4        7        3 |       495
                                     19       54      160      446      212      113       37       18        3 |      1062
                       CAMSMMR        8       25       39      225      474      358       85       45       10 |      1269
                                     16       12       23      113      390     1313      136       68       34 |      2105
                                      4       14       16       41      104      593      298       57       18 |      1145
                                      2        4       19       45       47       66      112      310       22 |       627
                                     42       32       94      331      457     1319      419      609      544 |      3847

                    SUM             245      336      631     1408     1731     3802     1101     1121      639 |     11014
                                                       OBSERVATION
                                     88       67       39       25        5        6        2        4        2 |       238
                                     36       64       66       32        9        7        3        2        2 |       221
                                     25       68      151      105       28       17        9        5        1 |       409
                                     12       60      177      434      187      132       27       17        3 |      1049
                       CAMSNRT       12       12       34      225      459      362       73       32       13 |      1222
                                     11        9       17      100      337     1210      125       56       19 |      1884
                                      7       12       25       60       78      515      236       45       19 |       997
                                      2        8       15       41       46       76      134      299       20 |       641
                                     52       36      107      386      582     1477      492      661      560 |      4353

                    SUM             245      336      631     1408     1731     3802     1101     1121      639 |     11014

