 <pre>

 Contingency table for Low clouds (octas)
 Selection: Ireland     27 stations
Period: 20200508-20200522
Used {00,12} + 01 02 ... 24
 Limits    1.00000000       2.00000000       3.00000000       4.00000000       5.00000000       6.00000000       7.00000000    
 Each class is data <= limit, the very last > last limit
 Total number of values       15176
                                              OBSERVATION
                                   1864      279      300      185      156      177      532      262 |      3755
                                    170       59       57       47       49       56      194       85 |       717
                                    115       50       52       37       44       40      166       81 |       585
                         Tegen       97       37       44       31       42       42      178       80 |       551
                                     92       41       67       42       52       57      229       85 |       665
                                     97       58       66       53       62       60      265      109 |       770
                                    130       70       89       82       84      103      395      180 |      1133
                                    385      378      397      338      462      519     2459     2062 |      7000

                    SUM            2950      972     1072      815      951     1054     4418     2944 |     15176
                                              OBSERVATION
                                   1812      285      291      167      150      168      521      264 |      3658
                                    175       51       63       34       43       47      192       85 |       690
                                    135       47       56       37       50       46      179       76 |       626
                       CAMSMMR      118       38       53       38       48       39      169       80 |       583
                                     97       39       59       37       45       55      213      105 |       650
                                    104       47       64       61       61       62      253      106 |       758
                                    101       78       98       81       96       99      383      166 |      1102
                                    408      387      388      360      458      538     2508     2062 |      7109

                    SUM            2950      972     1072      815      951     1054     4418     2944 |     15176
                                              OBSERVATION
                                   1834      298      322      175      186      183      578      299 |      3875
                                    193       49       68       62       57       49      198      101 |       777
                                    154       65       63       40       55       52      208       96 |       733
                       CAMSNRT       97       52       54       36       58       48      216      103 |       664
                                    113       50       62       39       45       60      258      102 |       729
                                    108       67       71       54       73       66      306      148 |       893
                                    127       73       84       86      100      126      435      229 |      1260
                                    324      318      348      323      377      470     2219     1866 |      6245

                    SUM            2950      972     1072      815      951     1054     4418     2944 |     15176

