 <pre>

 Contingency table for Low clouds (octas)
 Selection: Ireland     27 stations
Period: 20200508-20200522
Used {00} + 01 02 ... 24
 Limits    1.00000000       2.00000000       3.00000000       4.00000000       5.00000000       6.00000000       7.00000000    
 Each class is data <= limit, the very last > last limit
 Total number of values        7591
                                              OBSERVATION
                                    951      151      158       87       81       93      261      140 |      1922
                                     99       32       28       32       25       29       98       41 |       384
                                     59       23       23       15       21       19       81       44 |       285
                         Tegen       53       16       22       14       18       24       92       39 |       278
                                     37       20       35       21       23       24      117       52 |       329
                                     45       30       32       30       38       32      141       55 |       403
                                     63       31       46       37       36       43      195      102 |       553
                                    184      179      182      160      227      249     1223     1033 |      3437

                    SUM            1491      482      526      396      469      513     2208     1506 |      7591
                                              OBSERVATION
                                    934      157      149       79       78       85      253      143 |      1878
                                     91       26       37       22       21       27      103       43 |       370
                                     68       15       23       17       20       20       85       37 |       285
                       CAMSMMR       59       18       26       20       27       20       86       37 |       293
                                     49       23       30       24       22       30      111       56 |       345
                                     49       22       33       28       33       30      131       63 |       389
                                     45       37       50       39       45       49      191       97 |       553
                                    196      184      178      167      223      252     1248     1030 |      3478

                    SUM            1491      482      526      396      469      513     2208     1506 |      7591
                                              OBSERVATION
                                    949      154      169       85       97       97      283      160 |      1994
                                    104       28       32       33       31       24      106       52 |       410
                                     74       30       28       23       32       27      107       44 |       365
                       CAMSNRT       50       27       30       21       27       23      105       48 |       331
                                     52       26       29       22       24       29      140       62 |       384
                                     58       28       36       23       36       32      157       74 |       444
                                     62       31       41       44       49       62      210      122 |       621
                                    142      158      161      145      173      219     1100      944 |      3042

                    SUM            1491      482      526      396      469      513     2208     1506 |      7591

