 <pre>

 Contingency table for Cloud base (m)
 Selection: ALL    139 stations
Period: 20200508-20200522
Used {00,12} + 03 06 09 12 15 18 21 24
 Limits    70.0000000       150.000000       300.000000       600.000000       1000.00000       1500.00000       2500.00000       5000.00000    
 Each class is data <= limit, the very last > last limit
 Total number of values       22052
                                                       OBSERVATION
                                    152      111       80       48       17        9        9        3        8 |       437
                                     84      134      146       81       24       18        9        7        3 |       506
                                     62      147      341      296       60       52        9       19        5 |       991
                                     37      112      295      910      473      227       71       43        8 |      2176
                         Tegen       16       48       86      456      934      799      147       90       29 |      2605
                                     24       16       47      255      775     2487      286      129       50 |      4069
                                     14       25       34      116      210     1040      535      101       31 |      2106
                                      3        9       37       77       87      149      244      611       45 |      1262
                                     80       60      174      598      983     2885      854     1187     1079 |      7900

                    SUM             472      662     1240     2837     3563     7666     2164     2190     1258 |     22052
                                                       OBSERVATION
                                    146      105       72       50       15       10       18        5       10 |       431
                                     89      126      145       64       20       21        5        9        2 |       481
                                     69      157      332      281       54       46       14       17        7 |       977
                                     31      113      309      910      456      227       67       41        9 |      2163
                       CAMSMMR       17       49       84      493      961      763      171       85       21 |      2644
                                     29       23       52      240      812     2577      262      154       55 |      4204
                                      8       25       32      111      216     1147      566      108       36 |      2249
                                      4        7       36       77       86      146      249      606       44 |      1255
                                     79       57      178      611      943     2729      812     1165     1074 |      7648

                    SUM             472      662     1240     2837     3563     7666     2164     2190     1258 |     22052
                                                       OBSERVATION
                                    170      120       73       45       12       10        8        5        5 |       448
                                     81      129      136       55       19       12        7        7        2 |       448
                                     46      149      285      201       44       25       15       11        5 |       781
                                     27      107      362      882      409      258       51       40        6 |      2142
                       CAMSNRT       16       22       68      490      939      753      134       62       27 |      2511
                                     15       19       32      204      690     2399      249      121       39 |      3768
                                     13       22       44      128      183     1001      471       88       37 |      1987
                                      3       14       31       95       96      172      269      576       39 |      1295
                                    101       80      209      737     1171     3036      960     1280     1098 |      8672

                    SUM             472      662     1240     2837     3563     7666     2164     2190     1258 |     22052

