 <pre>

 Contingency table for Cloud base (m)
 Selection: ALL    139 stations
Period: 20200508-20200522
Used {12} + 03 06 09 12 15 18 21 24
 Limits    70.0000000       150.000000       300.000000       600.000000       1000.00000       1500.00000       2500.00000       5000.00000    
 Each class is data <= limit, the very last > last limit
 Total number of values       11038
                                                       OBSERVATION
                                     73       52       40       25        6        4        5        2        6 |       213
                                     40       66       75       37       14       10        5        5        2 |       254
                                     36       77      163      145       29       24        6       11        3 |       494
                                     14       54      144      473      257      118       35       26        4 |      1125
                         Tegen        6       27       48      247      456      419       74       44       16 |      1337
                                     11        8       21      134      419     1215      135       64       23 |      2030
                                      8       12       20       59      104      513      262       50       20 |      1048
                                      1        4       18       37       45       88      131      299       21 |       644
                                     38       26       80      272      502     1473      410      568      524 |      3893

                    SUM             227      326      609     1429     1832     3864     1063     1069      619 |     11038
                                                       OBSERVATION
                                     65       50       35       24        7        5        9        2        6 |       203
                                     48       60       73       31       13       10        4        5        1 |       245
                                     37       83      161      133       22       22       10       10        4 |       482
                                     12       59      149      464      244      114       30       23        6 |      1101
                       CAMSMMR        9       24       45      268      487      405       86       40       11 |      1375
                                     13       11       29      127      422     1264      126       86       21 |      2099
                                      4       11       16       70      112      554      268       51       18 |      1104
                                      2        3       17       32       39       80      137      296       22 |       628
                                     37       25       84      280      486     1410      393      556      530 |      3801

                    SUM             227      326      609     1429     1832     3864     1063     1069      619 |     11038
                                                       OBSERVATION
                                     82       53       34       20        7        4        6        1        3 |       210
                                     45       65       70       23       10        5        4        5        0 |       227
                                     21       81      134       96       16        8        6        6        4 |       372
                                     15       47      185      448      222      126       24       23        3 |      1093
                       CAMSNRT        4       10       34      265      480      391       61       30       14 |      1289
                                      4       10       15      104      353     1189      124       65       20 |      1884
                                      6       10       19       68      105      486      235       43       18 |       990
                                      1        6       16       54       50       96      135      277       19 |       654
                                     49       44      102      351      589     1559      468      619      538 |      4319

                    SUM             227      326      609     1429     1832     3864     1063     1069      619 |     11038

