 <pre>

 Contingency table for Low clouds (octas)
 Selection: ALL    139 stations
Period: 20200508-20200522
Used {12} + 01 02 ... 24
 Limits    1.00000000       2.00000000       3.00000000       4.00000000       5.00000000       6.00000000       7.00000000    
 Each class is data <= limit, the very last > last limit
 Total number of values       35811
                                              OBSERVATION
                                   6455      988      771      632      576      518     1033      703 |     11676
                                    570      195      186      171      160      165      339      184 |      1970
                                    370      172      151      130      138      149      307      138 |      1555
                         Tegen      342      153      163      154      149      159      340      169 |      1629
                                    325      164      169      148      170      198      431      166 |      1771
                                    307      181      181      165      174      197      444      225 |      1874
                                    367      223      241      246      217      259      675      345 |      2573
                                    862     1086     1118      968     1060     1322     3595     2752 |     12763

                    SUM            9598     3162     2980     2614     2644     2967     7164     4682 |     35811
                                              OBSERVATION
                                   6325      968      741      598      560      483      981      694 |     11350
                                    586      197      169      152      151      153      322      171 |      1901
                                    385      170      155      126      145      149      320      153 |      1603
                       CAMSMMR      315      152      174      165      137      166      349      157 |      1615
                                    327      151      168      141      158      191      393      166 |      1695
                                    318      159      196      185      172      213      486      222 |      1951
                                    407      264      229      242      247      255      654      330 |      2628
                                    935     1101     1148     1005     1074     1357     3659     2789 |     13068

                    SUM            9598     3162     2980     2614     2644     2967     7164     4682 |     35811
                                              OBSERVATION
                                   6675     1069      817      653      619      555     1138      801 |     12327
                                    549      209      209      179      159      150      344      194 |      1993
                                    384      192      166      139      156      168      386      193 |      1784
                       CAMSNRT      290      164      175      155      160      168      397      176 |      1685
                                    303      170      185      178      179      226      446      168 |      1855
                                    307      193      192      179      182      212      517      267 |      2049
                                    348      263      246      246      247      291      709      371 |      2721
                                    742      902      990      885      942     1197     3227     2512 |     11397

                    SUM            9598     3162     2980     2614     2644     2967     7164     4682 |     35811

