 <pre>

 Contingency table for Low clouds (octas)
 Selection: Ireland     27 stations
Period: 20200508-20200522
Used {12} + 01 02 ... 24
 Limits    1.00000000       2.00000000       3.00000000       4.00000000       5.00000000       6.00000000       7.00000000    
 Each class is data <= limit, the very last > last limit
 Total number of values        7585
                                              OBSERVATION
                                    913      128      142       98       75       84      271      122 |      1833
                                     71       27       29       15       24       27       96       44 |       333
                                     56       27       29       22       23       21       85       37 |       300
                         Tegen       44       21       22       17       24       18       86       41 |       273
                                     55       21       32       21       29       33      112       33 |       336
                                     52       28       34       23       24       28      124       54 |       367
                                     67       39       43       45       48       60      200       78 |       580
                                    201      199      215      178      235      270     1236     1029 |      3563

                    SUM            1459      490      546      419      482      541     2210     1438 |      7585
                                              OBSERVATION
                                    878      128      142       88       72       83      268      121 |      1780
                                     84       25       26       12       22       20       89       42 |       320
                                     67       32       33       20       30       26       94       39 |       341
                       CAMSMMR       59       20       27       18       21       19       83       43 |       290
                                     48       16       29       13       23       25      102       49 |       305
                                     55       25       31       33       28       32      122       43 |       369
                                     56       41       48       42       51       50      192       69 |       549
                                    212      203      210      193      235      286     1260     1032 |      3631

                    SUM            1459      490      546      419      482      541     2210     1438 |      7585
                                              OBSERVATION
                                    885      144      153       90       89       86      295      139 |      1881
                                     89       21       36       29       26       25       92       49 |       367
                                     80       35       35       17       23       25      101       52 |       368
                       CAMSNRT       47       25       24       15       31       25      111       55 |       333
                                     61       24       33       17       21       31      118       40 |       345
                                     50       39       35       31       37       34      149       74 |       449
                                     65       42       43       42       51       64      225      107 |       639
                                    182      160      187      178      204      251     1119      922 |      3203

                    SUM            1459      490      546      419      482      541     2210     1438 |      7585

