 <pre>

 Contingency table for Low clouds (octas)
 Selection: ALL    139 stations
Period: 20200508-20200522
Used {00,12} + 01 02 ... 24
 Limits    1.00000000       2.00000000       3.00000000       4.00000000       5.00000000       6.00000000       7.00000000    
 Each class is data <= limit, the very last > last limit
 Total number of values       71499
                                              OBSERVATION
                                  13120     1983     1537     1203     1088     1001     2036     1423 |     23391
                                   1153      397      352      347      307      312      684      370 |      3922
                                    788      325      312      273      284      307      614      307 |      3210
                         Tegen      663      317      302      288      298      302      660      344 |      3174
                                    630      324      338      310      323      364      840      359 |      3488
                                    603      355      381      360      357      404      945      459 |      3864
                                    743      445      469      438      451      494     1323      703 |      5066
                                   1735     2077     2126     1884     2091     2633     7230     5608 |     25384

                    SUM           19435     6223     5817     5103     5199     5817    14332     9573 |     71499
                                              OBSERVATION
                                  12894     1948     1478     1145     1062      940     1946     1419 |     22832
                                   1138      372      328      300      305      303      683      355 |      3784
                                    795      325      303      261      269      285      606      317 |      3161
                       CAMSMMR      690      310      336      315      281      308      652      325 |      3217
                                    641      306      327      313      318      359      755      344 |      3363
                                    628      333      386      346      327      406      977      442 |      3845
                                    781      500      493      473      488      514     1334      684 |      5267
                                   1868     2129     2166     1950     2149     2702     7379     5687 |     26030

                    SUM           19435     6223     5817     5103     5199     5817    14332     9573 |     71499
                                              OBSERVATION
                                  13600     2120     1620     1261     1187     1067     2258     1628 |     24741
                                   1142      410      386      369      319      320      710      415 |      4071
                                    791      355      332      292      309      329      739      362 |      3509
                       CAMSNRT      594      342      342      314      325      354      763      368 |      3402
                                    606      316      375      343      330      392      876      364 |      3602
                                    594      381      370      351      381      418     1048      512 |      4055
                                    694      519      506      464      478      561     1445      776 |      5443
                                   1414     1780     1886     1709     1870     2376     6493     5148 |     22676

                    SUM           19435     6223     5817     5103     5199     5817    14332     9573 |     71499

