 <pre>

 Contingency table for Low clouds (octas)
 Selection: ALL    139 stations
Period: 20200508-20200522
Used {00} + 01 02 ... 24
 Limits    1.00000000       2.00000000       3.00000000       4.00000000       5.00000000       6.00000000       7.00000000    
 Each class is data <= limit, the very last > last limit
 Total number of values       35688
                                              OBSERVATION
                                   6665      995      766      571      512      483     1003      720 |     11715
                                    583      202      166      176      147      147      345      186 |      1952
                                    418      153      161      143      146      158      307      169 |      1655
                         Tegen      321      164      139      134      149      143      320      175 |      1545
                                    305      160      169      162      153      166      409      193 |      1717
                                    296      174      200      195      183      207      501      234 |      1990
                                    376      222      228      192      234      235      648      358 |      2493
                                    873      991     1008      916     1031     1311     3635     2856 |     12621

                    SUM            9837     3061     2837     2489     2555     2850     7168     4891 |     35688
                                              OBSERVATION
                                   6569      980      737      547      502      457      965      725 |     11482
                                    552      175      159      148      154      150      361      184 |      1883
                                    410      155      148      135      124      136      286      164 |      1558
                       CAMSMMR      375      158      162      150      144      142      303      168 |      1602
                                    314      155      159      172      160      168      362      178 |      1668
                                    310      174      190      161      155      193      491      220 |      1894
                                    374      236      264      231      241      259      680      354 |      2639
                                    933     1028     1018      945     1075     1345     3720     2898 |     12962

                    SUM            9837     3061     2837     2489     2555     2850     7168     4891 |     35688
                                              OBSERVATION
                                   6925     1051      803      608      568      512     1120      827 |     12414
                                    593      201      177      190      160      170      366      221 |      2078
                                    407      163      166      153      153      161      353      169 |      1725
                       CAMSNRT      304      178      167      159      165      186      366      192 |      1717
                                    303      146      190      165      151      166      430      196 |      1747
                                    287      188      178      172      199      206      531      245 |      2006
                                    346      256      260      218      231      270      736      405 |      2722
                                    672      878      896      824      928     1179     3266     2636 |     11279

                    SUM            9837     3061     2837     2489     2555     2850     7168     4891 |     35688

