 <pre>

 Contingency table for Rh2m (%)
 Selection: ALL    151 stations
Period: 20200508-20200522
Used {00,12} + 01 02 ... 24
 Limits    30.0000000       50.0000000       65.0000000       75.0000000       85.0000000       95.0000000       100.000000    
 Each class is data <= limit, the very last > last limit
 Total number of values      108122
                                              OBSERVATION
                                     32      108        2        1        0        0        0        0 |       143
                                    167     8270     3861      281       48        1        0        0 |     12628
                                      6     3796    14742     5958     1533      243       14        0 |     26292
                         Tegen        1      350     4350     8074     5039     1036       67        0 |     18917
                                      0       74     1091     4622     8829     3992      347        0 |     18955
                                      0        6      287     1631     6636    11367     2334        0 |     22261
                                      0        0       14       64      571     3890     3787        0 |      8326
                                      0        0        0        5        8      119      468        0 |       600

                    SUM             206    12604    24347    20636    22664    20648     7017        0 |    108122
                                              OBSERVATION
                                     26       81        2        2        0        0        0        0 |       111
                                    167     8068     3895      296       51        2        0        0 |     12479
                                     12     3999    14872     6228     1634      261       19        0 |     27025
                       CAMSMMR        1      354     4192     8060     5318     1133       61        0 |     19119
                                      0       86     1059     4461     8861     4141      364        0 |     18972
                                      0       16      311     1511     6251    11290     2429        0 |     21808
                                      0        0       16       75      542     3722     3698        0 |      8053
                                      0        0        0        3        7       99      446        0 |       555

                    SUM             206    12604    24347    20636    22664    20648     7017        0 |    108122
                                              OBSERVATION
                                     29       78        0        0        0        0        0        0 |       107
                                    166     7968     3873      306       52        3        0        0 |     12368
                                     10     4075    14703     6052     1507      235       23        0 |     26605
                       CAMSNRT        1      365     4327     8018     5174     1116       67        0 |     19068
                                      0      103     1094     4654     9117     4117      414        0 |     19499
                                      0       15      334     1534     6263    11353     2319        0 |     21818
                                      0        0       16       72      545     3731     3753        0 |      8117
                                      0        0        0        0        6       93      441        0 |       540

                    SUM             206    12604    24347    20636    22664    20648     7017        0 |    108122

